KV-21FS140
RM-YA005

4-4.

VOLTAGE MEASUREMENT AND WAVEFORMS

A BOARD VOLTAGE LIST AND WAVEFORMS
Ref
IC001

Pin No.
1
2
3
4
5
6
7
8
9
10
11
12
13
14
15
16
17
18
19
20
21

Voltage[v]
0
0
1.2
2.6
3.2
0
3.2
0
3.1
*
*
0
0.1
2.4
4.8
1.9
2.1
0
2.2
2.2
3.2

Ref

Pin No.
49
50
51
52
53
54
55
56
57
58
59
60
61
62
63
64
65

Voltage[v]
2.1
2.1
1.3
1.5
2.1
2.1
1.4
2.1
2.1
1.3
1.5
3.4
3.4
3.4
3.4
1.1
0.2

Ref

1.960Vp-p

1 NTSC
412.0mVp-p

0.3

6 NTSC
1.120Vp-p

22

1.6

2 NTSC

5.360Vp-p

67

1.4

7 NTSC

1.840Vp-p

23

1.7
3.440Vp-p

3 NTSC

2.080Vp-p

24
25
26
27
28
29
30
31
32
33
34
35
36
37
38
39
40
41
42
43
44
45
46
47
48

1.8
1.5
2.3
1.8
0
1.8
1.8
4.6
0.7
0
2.1
2.1
3.4
3.4
2.0
2.4
0
1.8
2.0
0.3
0.3
8.3
1.8
4.8
1.1

68
69
70
71
72
73
74
75
76
77
78
79
80
81
82
83
84
85

0
4.7
1.2
1.2
1.2
1.9
1.6
0.1
0
0.1
1.1
1.2
1.2
0
4.7
3.4
3.0
1.5

IC002
IC003

8 NTSC

IC200

1.680Vp-p

86

1.4

9 NTSC

4 NTSC
1.800Vp-p

2.480Vp-p

– 47 –

Voltage[v]
1.5

10 NTSC

5 NTSC

66

Pin No.
87

IC601

88
89
90
91
92
93
94
95
96
97
98
99
100
101
102
103
104
105
106
107
108
109
110
111
112
113
114
115
116
117
118
119
120
121
122
123
124
125
126
127
128
I
G
O
1
2
3
4
5
6
7
8
1
2
3
4
5
6
7
8
9
10
11
12
1
2
3
4
5

3.1
0
3.1
1.5
0
1.8
3.1
0
1.8
2.8
0.3
3.2
1.6
0
3.2
0
2.2
0
0
3.1
3.5
3.2
3.2
4.8
0
0
0
0
0.1
1.6
1.6
3.1
0.2
0
0
3.1
1.6
0
3.2
0.2
3.2
3.2
0
2.9
0
0
0
0
3.2
3.6
3.1
3.1
(12.6)[12.7]
0
23.0
0
0
0
11.3
0.8
0
24.2
10.2
11.3
1.4
12.4
154.9
0
0.2


